Features are preultimative layer spikes (512, usualy)
Spikes are final layer spike (number of classes) 
Probs are final layer membrane voltage (number of classes)
Voltages are preultimative layer memebrane volatege (512)

ResNet4, case 16
Regular 
Current: 3320.0, Test accuracy on spikes: 33.20, Test accuracy on membrane: 76.78

Features (300):
98.21 99.41 98.57 98.35 96.91  96.97 98.80 97.46 97.17 94.79  8.57  2.35  7.10  8.26  17.24
82.78 65.51 77.92 80.14 70.93  76.84 55.16 74.34 72.23 59.83  81.89 96.28 95.71 83.99 92.44

Spikes (10):
38.54 38.63 49.98 37.40 37.47  52.53 52.54 63.85 51.90 51.91  99.99 99.42 0.00 100.00 99.99
38.30 38.30 49.98 37.19 37.33  53.16 53.16 64.16 52.21 52.34  100.00 100.00 0.00 100.00 100.00

Probs (10):
55.59 54.98 75.23 72.32 54.65  33.33 32.84 64.40 61.58 49.80  92.96 92.94 79.52 87.36 100.00
61.28 60.67 82.61 74.87 45.73  35.83 35.32 78.46 67.95 42.41  92.37 92.46 90.80 91.78 100.00

Voltages (300):
47.22  1.45 48.46 54.74  6.10  31.79 15.39 30.83 37.00 15.65  99.47 100.00 99.52 98.76 100.00
73.19 94.24 88.02 87.29 87.86  59.53 88.79 79.59 78.66 81.82  89.56 28.53 58.99 60.14 63.98


Population Coding:
ResNet4, case 17 trained with T = 1, feature extraction with T = 1
Test accuracy on spikes: 74.49%, Test accuracy on membrane: 74.44%
Features (300):
78.85 86.68 85.37 84.70 90.08  65.34 77.27 74.32 73.53 85.29  67.76 56.85 54.58 58.00 58.06
67.15 64.44 74.92 70.66 48.30  61.75 58.15 71.26 65.09 40.00  98.00 96.43 95.28 96.08 98.87

Spikes (10):
51.15 52.77 65.68 61.13 75.28  30.37 29.32 50.21 37.88 72.78  89.37 89.74 83.53 88.08 99.19
64.70 67.79 81.47 77.38 63.71  37.51 40.25 76.04 71.16 52.75  90.21 90.05 89.49 90.90 91.28

Probs (10):
58.09 55.81 70.58 64.02 78.46  34.27 32.57 49.36 39.03 66.95  95.53 95.91 76.30 85.22 70.41
44.93 47.02 74.44 66.99 35.86  28.64 29.66 68.59 56.39 28.75  99.81 99.68 97.37 97.70 100.00

Voltages (300):
54.82 46.64 73.89 70.07 72.64  35.28 30.57 61.31 55.82 61.49  96.97 98.67 84.29 88.50 95.30
64.99 79.24 78.17 73.98 61.49  45.11 62.27 64.19 57.14 44.45  91.09 67.93 73.05 80.89 95.28


Population Coding:
ResNet4, case 18 trained with T = 1, feature extraction with T = N
Test accuracy on spikes: 74.49%, Test accuracy on membrane: 74.44%
Features (300):
T = 4
85.53 96.24 88.99 90.92 95.34  76.38 92.70 79.97 83.57 92.79  58.12 20.89 44.74 42.34 28.39
66.23 61.21 76.74 65.83 61.31  60.57 53.98 73.61 60.03 53.68  98.05 96.97 94.04 97.18 98.38
T = 8
85.45 96.44 87.46 88.04 96.01  76.72 93.09 77.78 78.19 94.13  59.32 19.54 48.43 47.78 22.91
69.33 66.57 79.70 74.47 60.75  63.26 58.48 75.35 67.43 51.20  96.53 94.57 89.26 93.17 97.19

Spikes (10):
T = 4
55.25 54.58 66.50 60.87 77.40  43.96 40.61 52.86 42.05 74.71  91.23 88.07 80.34 83.90 97.61
70.57 68.66 82.30 78.33 59.56  59.61 55.84 77.69 71.74 50.19  95.19 94.89 87.46 87.97 99.99
T = 8
56.14 54.96 65.22 58.79 83.75  47.93 44.08 51.25 39.85 79.02  90.97 88.03 81.39 87.08 92.26
69.51 67.67 80.19 76.49 56.38  60.50 57.07 75.43 69.41 46.43  94.94 94.52 88.64 89.37 99.92

Probs (10):
T = 4
49.15 48.08 61.84 56.02 74.62  29.94 29.22 43.88 35.88 58.34  96.47 98.53 92.31 96.34 75.29
34.24 34.65 58.91 56.12 46.31  23.17 23.32 48.32 39.51 33.59  99.54 99.42 97.62 97.93 100.00
T = 8
49.61 48.67 60.59 55.27 77.51  30.65 29.87 41.86 35.59 62.20  95.29 97.83 92.65 95.82 71.27
35.48 35.86 59.17 56.36 44.66  24.26 24.33 48.68 40.28 32.58  99.30 99.27 97.47 97.79 100.00

Voltages (300):
T = 4
56.15  2.44 30.91 54.82  4.98  35.95 15.44 21.11 35.98 15.57  94.11 100.00 99.57 97.18 100.00
54.71 75.41 50.37 43.31 49.12  42.07 50.57 33.05 26.51 34.54  98.36 65.18 95.98 97.50 98.68
T = 8
47.74  3.12 31.38 55.41  4.12  31.07 15.45 21.75 39.61 15.52  99.31 100.00 99.69 98.84 100.00
45.71 63.44 37.82 33.77 49.30  34.59 37.54 23.62 21.52 34.83  99.69 81.24 98.30 99.16 98.98


ResNet4, case 19
Regular
Trained on T = 50 spike_fiting
Current: 7721.0, Test accuracy on spikes: 77.21, Test accuracy on membrane: 77.14

Features (300):
77.89 77.72 69.92 78.12 61.51  69.58 68.98 55.36 64.46 49.71  87.98 99.54 87.86 80.76 97.47
68.06 82.89 78.74 72.37 59.06  42.80 55.26 59.37 47.93 38.38  82.20 39.75 67.12 74.65 97.85

Spikes (10):
82.63 83.70 71.65 71.13 42.68  73.45 74.69 62.88 53.88 31.81  92.51 96.49 94.35 91.10 99.95
52.95 58.92 68.00 65.10 44.77  33.69 39.68 48.35 42.29 30.31  98.96 98.94 86.95 90.10 99.77

Probs (10):
71.96 70.90 52.61 56.59 35.53  55.75 52.99 27.65 28.72 22.75  95.92 92.47 93.93 82.34 99.62
59.86 62.38 70.90 65.66 33.04  39.84 42.44 53.46 44.06 21.88  93.37 92.59 85.50 89.85 99.73

Voltages (300): interesting
2.23  97.33 2.26  2.25  97.92  15.45 93.97 15.45 15.45 94.95  100.00 12.52 100.00 100.00 9.51
99.99 35.20 99.99 99.99 0.03   99.97 20.88 99.97 99.97 15.76  0.00 92.22 0.00 0.00 100.00



-------------------------------------------------------------------------------------------
ResNet10, case 11
Regular
Current: 8442.0, Test accuracy on spikes: 84.42, Test accuracy on membrane: 87.31

Features (512):
63.11 38.27 46.80 44.33 35.37  57.92 22.90 36.60 26.79 26.88  98.54 98.37 98.24 97.99 98.83
61.17 30.88 40.30 42.98 37.50  56.83 20.80 33.68 37.80 33.84  99.73 99.79 99.75 99.70 99.88

Spikes (10):
89.77 86.39 46.52 25.58 19.87  78.18 70.00 60.08 20.86 19.62  32.85 94.88 99.21 99.31 99.26
92.35 88.92 46.06 17.46 16.34  84.15 78.61 60.31 18.25 19.66  22.10 94.13 99.66 99.81 99.88

Probs (10):
80.68 79.69 89.23 85.70 72.67  52.25 49.25 82.35 69.90 60.13  63.91 65.35 53.80 63.97 99.26
83.52 83.13 91.40 88.08 83.07  56.35 54.65 85.87 75.73 67.29  57.10 57.85 44.58 57.07 85.77

Voltages (512):
86.50 88.87 94.75 94.12 83.24  78.41 77.70 89.13 88.05 72.79  68.24 46.98 25.50 29.10 76.39
88.38 93.31 96.11 95.28 87.66  82.83 86.81 92.37 91.13 79.79  67.64 33.00 20.38 25.28 61.07


Population Coding:
ResNet10, case 12 trained with T = 1, feature extraction with T = 1
Test accuracy on spikes: 87.53%, Test accuracy on membrane: 85.97%

Features (512):
74.05 57.05 65.11 65.89 65.66  70.03 45.98 59.89 60.45 55.52  98.45 96.88 97.60 97.43 98.46
72.48 48.38 59.57 57.89 55.55  69.54 38.06 55.97 54.12 49.07  99.57 99.50 99.26 99.34 99.73

Spikes (10):
80.26 82.29 79.88 79.52 65.27  54.63 58.64 70.78 72.52 56.56  62.88 59.43 88.81 92.31 99.16
84.13 86.31 82.39 81.05 67.25  58.31 62.82 75.39 74.05 58.53  51.52 46.59 89.47 92.30 95.73

Probs (10):
80.25 80.22 89.06 85.28 61.18  53.15 52.88 82.72 75.48 52.83  65.29 63.31 55.27 70.70 99.85
85.21 85.78 91.49 86.81 62.99  63.65 64.14 86.83 80.42 58.86  57.14 51.62 44.34 75.77 99.64

Voltages (512):
78.16 96.16 95.50 92.34 73.79  66.11 91.31 89.90 83.76 58.42  82.47 18.60 21.37 33.88 89.82
79.69 98.15 97.31 94.22 75.70  69.81 95.92 94.27 88.03 62.24  83.39 9.43  13.71 27.54 85.57


Population Coding:
ResNet10, case 13 trained with T = 1, feature extraction with T = 4 or T = 50
Test accuracy on spikes: 87.53%, Test accuracy on membrane: 85.97%

Features (512):
T = 4:
64.28 40.92 45.44 52.03 45.17  60.24 22.93 30.09 42.17 34.30  98.44 97.08 97.86 96.98 98.18
61.62 30.37 37.33 46.81 45.59  57.83 20.00 25.64 40.29 41.76  99.76 99.61 99.61 99.46 99.85
T = 50:
59.02 40.59 42.64 48.01 46.38  53.33 22.12 24.08 32.25 32.04  97.72 95.33 96.95 95.77 96.88
54.71 30.14 33.20 41.86 32.40  50.28 19.77 21.42 32.71 25.76  99.73 99.19 99.49 99.28 99.71

Spikes (10):
T = 4:
82.38 81.00 80.97 76.14 49.44  56.71 55.46 71.97 63.80 41.04  58.66 72.94 88.23 94.73 99.49
88.04 86.76 83.67 78.06 40.99  69.08 68.41 77.38 69.34 35.04  45.23 62.18 86.18 95.09 99.91
T = 50:
79.39 77.82 81.37 70.45 43.84 55.19 54.08 70.09 53.55 31.97 86.59 91.56 76.44 85.58 99.07
84.68 82.96 85.22 74.81 36.50 68.40 67.26 77.53 60.63 29.00 84.11 89.24 68.75 84.31 99.77

Probs (10):
T = 4:
81.93 81.83 89.43 85.64 64.44  56.13 55.84 83.32 75.86 55.37  61.65 59.78 54.37 68.76 99.86
86.94 87.36 91.83 88.46 60.88  67.48 67.87 87.62 82.19 58.92  52.50 47.39 43.82 63.35 99.94
T = 50:
82.94 82.71 88.74 84.84 61.89  57.93 57.66 83.07 76.53 54.35  58.93 58.91 67.97 82.20 99.88
87.93 88.19 90.77 85.99 60.35  70.51 70.82 87.27 81.32 57.47  49.66 46.69 66.69 83.53 99.80

Voltages (512):
T = 4:
90.35 97.88 98.19 97.16 89.29  85.15 95.36 95.97 93.77 82.96  55.83 11.08 9.20  13.95 60.74
92.16 99.09 99.05 98.41 91.07  88.65 98.02 97.97 96.74 86.16  49.56 4.40  4.54  7.79  53.04
T = 50:
95.50 87.42 75.15 74.96 72.72  91.25 79.31 58.95 55.97 54.67  23.38 61.53 78.11 71.91 86.66
97.22 90.95 79.17 76.73 78.13  94.46 85.55 67.04 64.32 66.64  13.69 50.88 75.53 73.16 77.48


-------------------------------------------------------------------------------------------
ResNet18, case 14
Regular
Current: 8492.0, Test accuracy on spikes: 84.92, Test accuracy on membrane: 90.43

Features (512):
74.80 55.03 71.28 79.74 73.40  72.18 48.49 69.24 75.11 66.16  99.58 99.46 98.81 97.63 99.57
72.96 53.73 68.58 78.08 71.16  68.80 47.31 64.98 72.42 61.09  99.71 99.56 99.14 98.13 99.53

Spikes (10):
64.69 60.28 69.31 72.22 36.69  43.58 39.01 65.58 45.34 21.35  99.14 99.42 59.20 62.10 98.69
61.00 58.39 71.88 71.04 35.76  35.67 34.58 67.20 40.93 21.37  99.64 99.25 54.18 57.15 99.07

Probs (10):
85.77 85.52 91.76 88.16 87.39  63.40 62.18 87.43 68.07 71.59  50.21 50.44 47.53 47.55 49.75
84.60 84.64 92.74 88.56 86.80  55.95 55.68 88.98 65.10 63.64  46.78 46.46 43.10 43.48 47.07

Voltages (512):
69.12 85.43 91.10 86.81 69.04  51.19 66.88 78.45 71.76 53.07  91.23 46.30 32.69 48.95 96.29
69.81 85.82 92.75 88.51 72.89  55.22 69.68 83.51 76.56 59.29  93.24 48.81 30.04 47.32 96.58


-----------------------------------
Population Coding:
ResNet18, case 15, trained with T = 1, feature extraction with T = 1
Test accuracy on spikes: 89.47%, Test accuracy on membrane: 89.43%

Features (512):
85.16 80.53 85.70 85.82 79.76  81.16 78.54 82.25 82.24 74.07  88.53 97.96 90.11 88.48 96.62
84.48 79.20 84.51 85.00 80.02  80.37 77.24 80.47 81.05 74.03  91.14 98.49 92.12 89.81 97.52

Spikes (10):
81.17 87.30 82.40 85.42 83.49  53.56 70.47 72.66 71.73 73.87  61.25 51.89 58.69 68.09 86.72
81.59 87.57 83.83 86.29 83.01  52.36 67.02 74.45 72.29 65.39  56.31 45.48 53.57 59.06 89.00

Probs (10):
82.56 81.59 90.73 89.01 86.67  55.07 52.00 85.76 78.61 70.00  59.47 58.76 52.62 57.36 70.47
83.77 83.75 91.60 89.87 87.85  56.07 55.03 87.16 80.80 73.59  55.52 53.47 48.10 56.70 67.74

Voltages (512):
78.90 95.64 91.89 88.01 74.43  66.30 91.66 84.42 78.65 61.65  87.53 24.99 37.62 55.14 89.72
80.45 95.86 93.02 89.40 77.15  70.24 92.56 87.16 81.44 65.06  85.97 24.74 34.30 50.80 83.06



Check the SVHN as ID 