-0.85   -0.75
-0.83   -0.74
-0.82   -0.73
-0.80   -0.72
-0.78   -0.70
-0.77   -0.69
-0.75   -0.68
-0.73   -0.67
-0.71   -0.65
-0.70   -0.64
-0.68   -0.63
-0.66   -0.62
-0.65   -0.60
-0.63   -0.59
-0.61   -0.57
-0.59   -0.56
-0.58   -0.55
-0.56   -0.53
-0.54   -0.52
-0.53   -0.50
-0.51   -0.49
-0.49   -0.47
-0.48   -0.46
-0.46   -0.44
-0.44   -0.43
-0.43   -0.41
-0.41   -0.40
-0.39   -0.38
-0.37   -0.37
-0.36   -0.35
-0.34   -0.33
-0.32   -0.32
-0.31   -0.30
-0.29   -0.28
-0.27   -0.27
-0.26   -0.25
-0.24   -0.24
-0.22   -0.22
-0.20   -0.20
-0.19   -0.19
-0.17   -0.17
-0.15   -0.15
-0.14   -0.14
-0.12   -0.12
-0.10   -0.10
-0.09   -0.08
-0.07   -0.07
-0.05   -0.05
-0.03   -0.03
-0.02   -0.02
-0.00   -0.00
0.02   0.02
0.03   0.03
0.05   0.05
0.07   0.07
0.08   0.08
0.10   0.10
0.12   0.12
0.14   0.14
0.15   0.15
0.17   0.17
0.19   0.19
0.20   0.20
0.22   0.22
0.24   0.24
0.25   0.25
0.27   0.27
0.29   0.28
0.31   0.30
0.32   0.32
0.34   0.33
0.36   0.35
0.37   0.37
0.39   0.38
0.41   0.40
0.42   0.41
0.44   0.43
0.46   0.44
0.48   0.46
0.49   0.47
0.51   0.49
0.53   0.50
0.54   0.52
0.56   0.53
0.58   0.55
0.59   0.56
0.61   0.57
0.63   0.59
0.65   0.60
0.66   0.62
0.68   0.63
0.70   0.64
0.71   0.65
0.73   0.67
0.75   0.68
0.76   0.69
0.78   0.70
0.80   0.72
0.82   0.73
0.83   0.74
0.85   0.75
0.87   0.76
0.88   0.77
0.90   0.78
0.92   0.79
0.93   0.80
0.95   0.81
0.97   0.82
0.99   0.83
1.00   0.84
1.02   0.85
1.04   0.86
1.05   0.87
1.07   0.88
1.09   0.89
1.10   0.89
1.12   0.90
1.14   0.91
1.16   0.92
1.17   0.92
1.19   0.93
1.21   0.93
1.22   0.94
1.24   0.95
1.26   0.95
1.27   0.96
1.29   0.96
1.31   0.97
1.33   0.97
1.34   0.97
1.36   0.98
1.38   0.98
1.39   0.98
1.41   0.99
1.43   0.99
1.44   0.99
1.46   0.99
1.48   1.00
1.50   1.00
1.51   1.00
1.53   1.00
1.55   1.00
1.56   1.00
1.58   1.00
1.60   1.00
1.61   1.00
1.63   1.00
1.65   1.00
1.67   1.00
1.68   0.99
1.70   0.99
1.72   0.99
1.73   0.99
1.75   0.98
1.77   0.98
1.78   0.98
1.80   0.97
1.82   0.97
1.84   0.97
1.85   0.96
1.87   0.96
1.89   0.95
1.90   0.94
1.92   0.94
1.94   0.93
1.95   0.93
1.97   0.92
1.99   0.91
2.01   0.91
2.02   0.90
2.04   0.89
2.06   0.88
2.07   0.88
2.09   0.87
2.11   0.86
2.12   0.85
2.14   0.84
2.16   0.83
2.18   0.82
2.19   0.81
2.21   0.80
2.23   0.79
2.24   0.78
2.26   0.77
2.28   0.76
2.29   0.75
2.31   0.74
2.33   0.73
2.35   0.71
2.36   0.70
2.38   0.69
2.40   0.68
2.41   0.67
2.43   0.65
2.45   0.64
2.46   0.63
2.48   0.61
2.50   0.60
2.52   0.59
2.53   0.57
2.55   0.56
2.57   0.54
2.58   0.53
2.60   0.51
2.62   0.50
2.63   0.49
2.65   0.47
2.67   0.46
2.69   0.44
2.70   0.42
2.72   0.41
2.74   0.39
2.75   0.38
2.77   0.36
2.79   0.35
2.80   0.33
2.82   0.31
2.84   0.30
2.86   0.28
2.87   0.27
2.89   0.25
2.91   0.23
2.92   0.22
2.94   0.20
2.96   0.18
2.97   0.17
2.99   0.15
3.01   0.13
3.03   0.12
3.04   0.10
3.06   0.08
3.08   0.06
3.09   0.05
3.11   0.03
3.13   0.01
3.14   -0.00
3.16   -0.02
3.18   -0.04
3.20   -0.05
3.21   -0.07
3.23   -0.09
3.25   -0.11
3.26   -0.12
3.28   -0.14
3.30   -0.16
3.31   -0.17
3.33   -0.19
3.35   -0.21
3.37   -0.22
3.38   -0.24
3.40   -0.26
3.42   -0.27
3.43   -0.29
3.45   -0.30
3.47   -0.32
3.48   -0.34
3.50   -0.35
3.52   -0.37
3.54   -0.38
3.55   -0.40
3.57   -0.42
3.59   -0.43
3.60   -0.45
3.62   -0.46
3.64   -0.48
3.65   -0.49
3.67   -0.51
3.69   -0.52
3.71   -0.53
3.72   -0.55
3.74   -0.56
3.76   -0.58
3.77   -0.59
3.79   -0.60
3.81   -0.62
3.82   -0.63
3.84   -0.64
3.86   -0.66
3.88   -0.67
3.89   -0.68
3.91   -0.69
3.93   -0.71
3.94   -0.72
3.96   -0.73
3.98   -0.74
3.99   -0.75
4.01   -0.76
4.03   -0.78
4.05   -0.79
4.06   -0.80
4.08   -0.81
4.10   -0.82
4.11   -0.83
4.13   -0.84
4.15   -0.84
4.17   -0.85
4.18   -0.86
4.20   -0.87
4.22   -0.88
4.23   -0.89
4.25   -0.89
4.27   -0.90
4.28   -0.91
4.30   -0.92
4.32   -0.92
4.33   -0.93
4.35   -0.94
4.37   -0.94
4.39   -0.95
4.40   -0.95
4.42   -0.96
4.44   -0.96
4.45   -0.97
4.47   -0.97
4.49   -0.97
4.50   -0.98
4.52   -0.98
4.54   -0.99
4.56   -0.99
4.57   -0.99
4.59   -0.99
4.61   -0.99
4.62   -1.00
4.64   -1.00
4.66   -1.00
4.67   -1.00
4.69   -1.00
4.71   -1.00
4.73   -1.00
4.74   -1.00
4.76   -1.00
4.78   -1.00
4.79   -1.00
4.81   -1.00
4.83   -0.99
4.84   -0.99
4.86   -0.99
4.88   -0.99
4.90   -0.98
4.91   -0.98
4.93   -0.98
4.95   -0.97
4.96   -0.97
4.98   -0.96
5.00   -0.96
5.01   -0.95
5.03   -0.95
5.05   -0.94
5.07   -0.94
5.08   -0.93
5.10   -0.93
5.12   -0.92
5.13   -0.91
5.15   -0.91
5.17   -0.90
5.18   -0.89
5.20   -0.88
5.22   -0.87
5.24   -0.87
5.25   -0.86
5.27   -0.85
5.29   -0.84
5.30   -0.83
5.32   -0.82
5.34   -0.81
5.35   -0.80
5.37   -0.79
5.39   -0.78
5.41   -0.77
5.42   -0.76
5.44   -0.75
5.46   -0.74
5.47   -0.72
5.49   -0.71
5.51   -0.70
5.52   -0.69
5.54   -0.68
5.56   -0.66
5.58   -0.65
5.59   -0.64
5.61   -0.62
5.63   -0.61
5.64   -0.60
5.66   -0.58
5.68   -0.57
5.69   -0.55
5.71   -0.54
5.73   -0.53
5.75   -0.51
5.76   -0.50
5.78   -0.48
5.80   -0.47
5.81   -0.45
5.83   -0.44
5.85   -0.42
5.86   -0.41
5.88   -0.39
5.90   -0.37
5.92   -0.36
5.93   -0.34
5.95   -0.33
5.97   -0.31
5.98   -0.29
6.00   -0.28
6.02   -0.26
6.03   -0.25
6.05   -0.23
6.07   -0.21
6.09   -0.20
6.10   -0.18
6.12   -0.16
6.14   -0.15
6.15   -0.13
6.17   -0.11
6.19   -0.10
6.20   -0.08
6.22   -0.06
6.24   -0.04
6.26   -0.03
6.27   -0.01
6.29   0.01
6.31   0.02
6.32   0.04
6.34   0.06
6.36   0.07
6.37   0.09
6.39   0.11
6.41   0.13
6.43   0.14
6.44   0.16
6.46   0.18
6.48   0.19
6.49   0.21
6.51   0.23
6.53   0.24
6.54   0.26
6.56   0.28
6.58   0.29
6.60   0.31
6.61   0.32
6.63   0.34
6.65   0.36
6.66   0.37
6.68   0.39
6.70   0.40
6.71   0.42
6.73   0.43
6.75   0.45
6.77   0.46
6.78   0.48
6.80   0.49
